n=8;
p0=0.0675;
p1=0.16;
p2=0.375;
p3=0.6;
p4=0.77;
p5=0.8925;
p6=0.81;
p7=0.5;
p8=0.095;
P=1/(3*n)*(p0 + 4*(p1+p3+p5+p7)+2*(p2+p4+p6)+p8);